//use: NPCid - stabatt(melee att) slashatt(unused) crushatt(unused) magicatt rangeatt //stabdef slashdef crushdef magicdef rangedef 
//corrupted brothers
30167 - 0 0 0 400 0 3000 3000 3000 3000 200
30165 - 0 0 0 0 400 200 200 200 3000 3000
30163 - 400 400 400 0 0 3000 3000 3000 200 3000
//TRIO BOSS
11983 - 400 400 400 1 1 500 500 500 0 10000
12041 - 1 1 1 400 1 10000 10000 10000 500 1
12088 - 1 1 1 1 400 1 1 1 10000 500
//angryeaster bunny
29975 - 150 150 150 150 150 150 150 150 150 150
//CELESTIA
29981 - 400 400 400 400 400 1500 1500 1500 260 1500
//karuulm slayer dungeon
39610 - 85 85 85 80 80 20 50 50 50 20
39611 - 85 85 85 80 80 20 50 50 50 20
39609 - 1 1 1 210 210 160 160 160 160 0
39612 - 140 140 140 112 140 60 60 60 20 100
39614 - 50 50 50 1 1 15 25 25 0 15
39615 - 220 220 220 305 305 275 350 350 350 245
39616 - 220 220 220 305 305 275 350 350 350 245
39617 - 220 220 220 305 305 275 350 350 350 245
39618 - 220 220 220 305 305 275 350 350 350 245
39619 - 220 220 220 305 305 275 350 350 350 245
39620 - 220 220 220 305 305 275 350 350 350 245
39621 - 220 220 220 305 305 275 350 350 350 245
39622 - 220 220 220 305 305 275 350 350 350 245
//VORKATH
39061 - 560 560 560 150 408 0 0 0 450 378
30219 - 1 1 1 1 1 1 1 1 1 1
//wyverns
38792 - 125 125 125 90 90 70 70 70 140 120
38793 - 120 120 120 0 90 70 70 70 140 120
38794 - 125 125 125 0 125 70 70 70 140 120
38795 - 150 150 150 0 90 70 70 70 170 120
//theatreofblood
30145 - 300 300 300 0 0 1000 300 1000 100 1000
13000 - 0 0 0 800 0 1000 1000 1000 1000 100
13014 - 400 400 400 0 0 300 50 50 1000 1000
13711 - 0 0 0 0 1000 0 0 0 1000 1000
30216 - 500 500 500 300 500 600 500 50 1200 300
30219 - 1 1 1 1 1 1 1 1 1 1
//skotizo
38286 - 350 350 350 380 1 280 280 280 330 330
38287 - 100 100 100 100 100 10 10 10 10 10
//TEMPLEOFLIGHT
1966 - 150 150 150 150 150 150 150 150 150 150
1961 - 90 90 90 90 90 90 90 90 90 90
//THE aSSASSIN
30149 - 500 500 500 0 500 500 500 500 200 100
//prestige boss
13712 - 500 500 500 200 400 400 400 400 400 400
//CALLISTO
37503 - 370 370 370 370 370 135 104 175 900 230
//Venenatis
37504 - 490 490 490 150 1 260 260 260 850 100
//Chaos fanatic
37619 - 1 1 1 200 1 260 260 250 280 80
//cRAZY aRCOLOGIST
37618 - 160 160 160 1 180 5 5 30 250 250
//Skorpia
37615 - 250 250 250 1 1 246 284 284 44 284
37616 - 1 1 1 1 150 1 1 1 1 1
//VETION
37611 - 430 430 430 300 1 201 200 0 250 270
37612 - 430 430 430 300 1 201 200 0 250 270
37613 - 100 100 100 0 0 100 100 100 0 100
//other shit
9928 - 1 1 1 1 400 600 600 600 130 1000
4852 - 500 500 500 1 1 30 500 500 500 350
11564 - 1 1 1 1 1 500 500 0 500 180
38540 - 500 500 500 500 500 200 200 100 800 800
38542 - 500 500 500 500 500 200 200 100 800 800
38544 - 800 800 800 800 800 250 250 150 900 900
7773 - 1 1 1 90 1 400 0 400 900 900
//
453 - 30 30 30 1 1 10 10 10 1 10
1758 - 1 1 1 1 1 1 1 1 1 1
//moss giant
112 - 30 30 30 0 0 30 30 30 30 30
//cerberus
36862 - 220 220 220 220 220 50 100 25 500 500
36867 - 10000 10000 10000 10000 10000 10000 10000 10000 10000 10000
36868 - 10000 10000 10000 10000 10000 10000 10000 10000 10000 10000
36869 - 10000 10000 10000 10000 10000 10000 10000 10000 10000 10000
//lizardman shaman
37766 - 120 120 120 130 120 50 140 140 140 140
//Abyssal sire
36886 - 0 0 0 0 0 1000 1000 1000 1000 1000
36890 - 180 180 180 180 180 40 60 50 20 250
36891 - 180 180 180 180 180 40 60 50 20 250
36918 - 90 90 90 90 90 0 0 0 0 0
//Smoke devil
31498 - 0 0 0 195 0 0 0 0 600 44
31499 - 0 0 0 310 0 11 4 9 800 900
//Zulrah
//Range
16387 - 0 0 0 0 300 100 100 100 3000 3000
//melee
16388 - 300 300 300 0 0 3000 3000 3000 100 3000
//mage
16389 - 0 0 0 300 300 3000 3000 3000 3000 100
//snakelings
16390 - 1000 1000 1000 0 0 0 0 0 0 0
//Kraken
16385 - 0 0 0 100 0 0 0 0 50 600
16386 - 0 0 0 100 0 0 0 0 60 320
//PlayerWars
30095 - 200 200 200 200 200 200 200 200 200 200
30096 - 109 109 109 1 1 99 99 99 1 99
30097 - 99 99 99 99 99 99 99 99 99 99
30098 - 99 99 99 99 99 99 99 99 99 99
30099 - 99 99 99 99 99 99 99 99 99 99
30100 - 99 99 99 99 99 99 99 99 99 99
30101 - 99 99 99 99 99 99 99 99 99 99
30102 - 99 99 99 99 99 99 99 99 99 99
30103 - 99 99 99 99 99 99 99 99 99 99
30104 - 99 99 99 99 99 99 99 99 99 99
30105 - 99 99 99 99 99 99 99 99 99 99
30106 - 99 99 99 99 99 99 99 99 99 99
30107 - 99 99 99 99 99 99 99 99 99 99
30108 - 99 99 99 99 99 99 99 99 99 99
30109 - 99 99 99 99 99 99 99 99 99 99
30110 - 99 99 99 99 99 99 99 99 99 99
30111 - 99 99 99 99 99 99 99 99 99 99
30112 - 99 99 99 99 99 99 99 99 99 99
30113 - 99 99 99 99 99 99 99 99 99 99
30114 - 99 99 99 99 99 99 99 99 99 99
//tHErAPTOR
13955 - 300 300 300 300 425 170 170 170 300 300
//ecobreakdown wizard
29982 - 65 65 65 65 65 20 20 20 20 50
//lauren
15 - 450 450 450 450 450 150 150 150 150 150
//SHITKID
29983 - 0 0 0 0 0 0 0 0 0 0
//GULEGA
30087 - 210 210 210 245 210 70 70 70 150 150
//ICY BONES
10057 - 200 200 200 200 200 0 0 0 0 0
//n
17182 - 500 500 500 500 500 450 450 450 175 600
//automatons
16905 - 217 217 217 217 217 192 192 192 192 80
16906 - 217 217 217 217 217 192 192 80 192 192
16907 - 217 217 217 217 217 192 192 192 80 192
//ASCENSION DUNGEON
17149 - 0 0 0 246 0 170 170 170 170 70
17150 - 0 0 0 246 0 170 170 170 170 70
17151 - 0 0 0 246 0 170 170 170 170 70
17152 - 0 0 0 246 0 170 170 170 170 70
17153 - 0 0 0 246 0 170 170 170 170 70
17154 - 0 0 0 246 0 170 170 170 170 70
17144 - 0 0 0 113 0 113 113 113 113 50
17145 - 0 0 0 130 0 130 130 130 130 65
17146 - 0 0 0 170 0 170 170 170 170 75
17147 - 0 0 0 149 0 192 192 192 192 85
//slayerboss - cliff
15114 - 210 210 210 210 198 240 240 240 0 310
//DUNGBOSS1
11750 - 1 1 1 78 1 50 50 50 50 34
//dungboss2
9766 - 1 1 1 1 225 140 140 140 210 210
//DUNG2MINIBOSS
10523 - 120 120 120 120 120 90 90 90 90 90
//dungboss3
9911 - 1 1 1 300 1 115 115 115 115 86
//celestialdragon
19109 - 251 251 251 155 0 251 251 251 251 251
//=---------
10644 - 50 50 50 50 50 42 42 42 42 42
//lavastryke
20630 - 217 217 217 217 217 193 193 193 193 193
//RAIDZ TRIO BOSS
30078 - 400 400 400 400 400 1500 1500 1500 200 1500
30079 - 400 400 400 400 400 1500 1500 1500 1500 200
30080 - 400 400 400 400 400 950 950 200 1500 1500
//thunderous
11872 - 600 600 600 2000 600 700 700 700 160 1200
//gungame
8164 - 75 75 75 75 75 51 51 51 51 51
//demigods
30065 - 0 0 0 190 0 319 319 319 215 92
30066 - 190 190 190 0 0 215 215 215 52 319
30067 - 0 0 0 0 190 92 92 92 319 215
//OGRE
30062 - 0 0 0 0 0 120 120 120 120 75
30063 - 0 0 0 0 0 75 71 65 120 120
//startofcalamity
30200 - 15 15 15 15 15 10 10 10 10 10
30201 - 21 21 21 21 21 14 14 14 14 14
30202 - 41 41 41 41 41 34 34 34 34 34
30203 - 91 91 91 91 91 84 84 84 84 84
30204 - 111 111 111 111 111 94 94 94 94 94
30205 - 200 200 200 200 200 50 50 50 50 50
30206 - 76 76 76 76 76 50 50 50 50 50
30207 - 76 76 76 76 76 50 50 50 50 50
30208 - 76 76 76 76 76 50 50 50 50 50
30209 - 135 135 135 135 135 80 80 80 80 80
30210 - 215 215 215 215 215 119 119 119 119 119
30211 - 96 96 96 96 96 89 89 89 89 89
30212 - 96 96 96 96 96 89 89 89 89 89
30213 - 96 96 96 96 96 89 89 89 89 89
30214 - 225 225 225 100 100 200 200 200 200 200
30215 - 2000 2000 2000 2000 2000 400 500 500 500 400
//endofcalamity
30048 - 66 66 66 66 66 66 66 66 66 66
//drygonvssuns
30057 - 75 75 75 75 75 75 75 75 75 75
30058 - 75 75 75 75 75 75 75 75 75 75
30059 - 75 75 75 75 75 75 75 75 75 75
30055 - 75 75 75 75 75 75 75 75 75 75
30054 - 75 75 75 75 75 75 75 75 75 75
30053 - 75 75 75 75 75 75 75 75 75 75
//kuradals brothers
30045 - 140 140 140 140 140 185 185 185 125 185
30046 - 140 140 140 140 140 185 185 185 185 125
//ingenuity
30030 - 5000 5000 5000 5000 5000 0 0 0 0 0
30031 - 8000 8000 8000 8000 8000 0 0 0 0 0
//Party Demon
15581 - 200 200 200 300 200 90 90 90 81 111
//dark beast
2783 - 300 300 300 300 2 235 235 235 600 35
//BALANCE ELEMENTAL
8281 - 200 200 200 300 300 170 170 170 170 170
//DKS
//supreme
2881 - 0 0 0 0 100 0 0 0 2000 2000
//prime
2882 - 0 0 0 100 0 1000 2000 2000 2000 0
//rex
2883 - 100 100 100 0 0 2000 2000 2000 0 2000
//edimmu
30027 - 90 90 90 90 90 85 60 85 85 85
15148 - 0 0 0 172 0 202 184 216 172 99
//KK
29993 - 800 800 800 400 400 400 400 400 100 800
//Drygonic
12900 - 420 420 420 420 420 250 250 235 250 270
//sliske
14262 - 300 300 300 300 300 300 208 300 300 390
//sunfreet
15222 - 300 300 300 300 300 300 208 300 300 490
//Anivia
30081 - 300 300 300 300 400 200 200 200 400 4700
30082 - 0 0 0 0 0 0 0 0 0 0
//dryax
15174 - 400 400 400 400 400 87 87 87 70 999
//callisto
30022 - 250 250 250 250 250 300 300 300 300 300
//DRYAXIONS
15147 - 250 250 250 250 250 120 120 120 120 120
15149 - 250 250 250 250 250 120 120 120 120 120
15151 - 250 250 250 250 250 120 120 120 120 120
15153 - 50 50 50 50 50 20 20 20 20 20
//TECTONICTHEBEAST
10106 - 200 200 200 500 500 250 250 250 250 100
//sirenicspider
30008 - 0 0 0 500 0 1000 1000 250 1000 50
//SANTA BOSS
1552 - 200 200 200 200 200 50 50 50 50 50
//gazer boss
9752 - 400 400 400 150 150 200 200 120 200 900
//donator boss
10141 - 500 500 500 200 200 260 210 260 260 900
//ZOMBIEHORDE
14281 - 150 150 0 0 0 100 100 100 100 100
//ava of destruction
8596 - 225 225 225 100 100 200 200 200 200 200
//vorago
30009 - 500 500 500 2000 10000 310 230 250 50 350
30000 - 600 600 600 3000 10000 360 280 300 100 400
30002 - 400 200 200 800 400 250 350 350 250 400
30041 - 400 200 200 800 400 250 350 350 250 400
30042 - 200 200 200 800 400 250 350 350 250 400
//wildywyrm
3334 - 200 200 200 200 100 150 280 150 280 280
30085 - 540 540 540 660 540 350 380 350 480 680
30025 - 250 250 250 250 125 190 325 190 325 325
30026 - 0 0 0 0 0 0 0 0 0 0
//glacor
14301 - 100 100 100 250 100 200 200 200 150 1000
//NECROLORD
11751 - 750 750 750 170 190 45 45 45 71 163
//blink
12877 - 450 450 450 380 230 130 130 130 95 175
12878 - 450 450 450 380 230 130 130 130 95 175
//QueenBlackDragon
//Tortured Soul
15510 - 112 100 100 178 4 175 142 285 235 195
//Giant worm
15464 - 157 100 100 88 4 107 198 124 178 157
//Crystal armour QBD 
15506 - 0 0 0 0 0 10 10 10 200 10
//Hardened carapace armour QBD 
15507 - 0 0 0 0 0 200 200 200 10 200
//dung
7741 - 70 70 70 70 70 70 70 70 70 70
//Default QBD
15454 - 0 0 0 0 0 100 100 100 100 100
//nomads
8528 - 200 0 0 150 0 250 350 350 250 400
8529 - 200 0 0 150 0 250 350 350 250 400
50 - 300 10 10 200 0 250 350 400 350 400
//1155 - 250 250 250 250 250 0 0 0 0 0 0
//reveneants, low def, high att ftw :)
13465 - 10 0 0 8 12 7 7 7 5 8
13466 - 12 0 0 10 15 8 8 8 6 10
13467 - 15 0 0 12 18 10 10 10 7 12
13468 - 18 0 0 15 22 12 12 12 8 15
13469 - 22 0 0 18 27 15 15 15 10 18
13470 - 27 0 0 22 33 18 18 18 12 22
13471 - 33 0 0 27 41 22 22 22 15 27
13472 - 41 0 0 33 51 27 27 27 18 33
13473 - 51 0 0 41 63 33 33 33 22 41
13474 - 63 0 0 51 78 41 41 41 27 51
13475 - 78 0 0 63 97 51 51 51 33 63
13476 - 97 0 0 78 121 63 63 63 41 78
13477 - 121 0 0 97 151 78 78 78 51 97
13478 - 151 0 0 121 188 97 97 97 63 121
13479 - 188 0 0 151 235 121 121 121 78 151
13480 - 235 0 0 188 293 151 151 151 97 188
13481 - 293 0 0 235 366 188 188 188 121 235
//rev end
914 - 0 0 0 85 0 75 75 75 75 75
913 - 0 0 0 85 0 75 75 75 75 75
912 - 0 0 0 85 0 75 75 75 75 75
127 - 75 0 0 0 0 50 50 50 50 50
183 - 50 0 0 0 0 45 40 50 45 45
182 - 50 0 0 0 0 45 40 50 45 45
4400 - 70 0 0 0 0 65 65 60 65 65
119 - 80 0 0 0 0 70 70 70 65 70
117 - 86 0 0 0 0 70 70 58 67 67
78 - 40 0 0 0 0 10 20 20 20 20
//fightkilns
15201 - 80 0 0 0 0 45 47 50 30 70
15202 - 0 0 0 0 140 150 200 200 200 300
15205 - 160 0 0 0 160 135 150 150 80 200
15203 - 160 0 0 80 0 200 200 200 200 200
15213 - 200 0 0 0 0 250 250 250 80 300
15214 - 200 0 0 0 0 250 250 250 80 300
15207 - 400 0 0 320 250 350 350 350 300 400
15206 - 320 0 0 0 0 190 185 185 80 250
15204 - 320 0 0 0 0 150 185 185 80 250
15208 - 2000 2000 2000 2000 2000 1000 1000 1000 150 1000
15211 - 0 0 0 0 0 1000 1000 1000 150 1000
15209 - 200 0 0 0 250 250 250 500 400 550
15210 - 200 0 0 190 0 500 500 500 400 300
2734 - 20 0 0 0 0 20 20 20 50 20
2737 - 40 0 0 0 0 45 47 50 70 70
2738 - 20 0 0 0 0 23 24 25 35 35
2739 - 80 0 0 0 80 135 135 150 150 100
2741 - 160 0 0 0 0 190 185 185 180 125
2743 - 200 0 0 320 250 350 350 350 300 250
//Unkown
8335 - 2000 2000 2000 2000 2000 1000 1000 1000 1000 1000
3340 - 80 0 0 0 0 300 300 300 250 300
//kalphite queens
1158 - 450 0 0 450 450 250 250 200 200 500
1160 - 450 0 0 450 450 300 300 300 100 450
//Bork
7133 - 400 0 0 400 400 150 300 300 165 175
7134 - 80 80 80 80 80 65 65 65 65 65
7135 - 100 52 52 100 100 70 75 75 80 82
//jads jad
2745 - 2000 2000 2000 2000 2000 400 500 500 500 400
//Summonnig
6823 - 125 0 0 0 0 200 200 200 150 250
6822 - 125 0 0 0 0 200 200 200 150 250
//Steel titan
7344 - 200 0 0 230 250 350 350 350 300 400
7343 - 200 0 0 230 250 350 350 350 300 400
//Aquanite
9172 - 0 0 0 70 0 7 7 7 7 7
//Waterfiends
5361 - 0 0 0 105 105 100 100 10 100 100
9054 - 0 0 0 105 105 100 100 10 100 100
9056 - 0 0 0 105 105 100 100 10 100 100
9057 - 0 0 0 105 105 100 100 10 100 100
9058 - 0 0 0 105 105 100 100 10 100 100
9059 - 0 0 0 105 105 100 100 10 100 100
9077 - 0 0 0 105 105 100 100 10 100 100
//Fire giants
7003 - 65 65 65 1 1 0 3 2 0 0
7004 - 65 65 65 1 1 0 3 2 0 0
110 - 65 65 65 1 1 0 3 2 0 0
1582 - 65 65 65 1 1 0 3 2 0 0
1583 - 65 65 65 1 1 0 3 2 0 0
1584 - 65 65 65 1 1 0 3 2 0 0
1585 - 65 65 65 1 1 0 3 2 0 0
1586 - 65 65 65 1 1 0 3 2 0 0
//Tormented demon
8349 - 450 0 0 350 350 250 350 350 200 250
8350 - 450 0 0 350 350 250 350 350 200 250
8351 - 450 0 0 350 350 250 350 350 200 250
8352 - 450 0 0 350 350 250 350 350 200 250
8353 - 450 0 0 350 350 250 350 350 200 250
8354 - 450 0 0 350 350 250 350 350 200 250
8355 - 450 0 0 350 350 250 350 350 200 250
8356 - 450 0 0 350 350 250 350 350 200 250
8357 - 450 0 0 350 350 250 350 350 200 250
8358 - 450 0 0 350 350 250 350 350 200 250
8359 - 450 0 0 350 350 250 350 350 200 250
8360 - 450 0 0 350 350 250 350 350 200 250
8361 - 450 0 0 350 350 250 350 350 200 250
8362 - 450 0 0 350 350 250 350 350 200 250
8363 - 450 0 0 350 350 250 350 350 200 250
8364 - 450 0 0 350 350 250 350 350 200 250
8365 - 450 0 0 350 350 250 350 350 200 250
8366 - 450 0 0 350 350 250 350 350 200 250
//Pack Yak
6874 - 150 0 0 0 0 250 250 250 100 300
6873 - 150 0 0 0 0 250 250 250 100 300
//Bunyip
6814 - 130 0 0 0 0 200 200 200 100 250
6813 - 130 0 0 0 0 250 250 250 100 250
//Abbysal Titan
7350 - 150 0 0 150 150 250 300 250 200 255
7349 - 150 0 0 150 150 250 300 250 200 255
//Lava Titan
7342 - 180 0 0 150 150 325 325 325 275 370
7341 - 180 0 0 150 150 325 325 325 275 370
//Geyser Titan
7340 - 190 0 0 190 190 325 325 325 325 325
7339 - 190 0 0 190 190 325 325 325 325 325
//Fire Titan
7356 - 185 0 0 150 150 325 325 325 275 370
2355 - 180 0 0 150 150 325 325 325 275 370
//Ice Titan
7360 - 185 0 0 150 150 325 325 325 275 370
7359 - 185 0 0 150 150 325 325 325 275 370
//Moss Titan
7358 - 185 0 0 150 150 325 325 325 275 370
7357 - 185 0 0 150 150 325 325 325 275 370
//Swamp Titan
7330 - 190 0 0 250 225 295 295 295 370 275
7329 - 190 0 0 250 225 295 295 295 370 275
//Iron Titan
7376 - 195 0 0 150 250 350 350 350 280 400
7375 - 195 0 0 150 250 350 350 350 280 400
//Spirit TerrorBird
6795 - 130 0 0 100 170 240 240 240 220 260
6794 - 130 0 0 100 170 240 240 240 220 260
//Frost dragons
51 - 280 221 221 210 210 278 280 280 300 360
//Metal dragons
1590 - 260 201 201 190 190 90 260 260 80 140
1591 - 270 211 211 190 190 70 260 260 60 140
1592 - 280 231 231 190 190 80 260 260 70 140
//Lucien custom boss
14256 - 1000 1000 1000 1000 1000 1000 1000 1000 1000 1000
//DT Bouncer
14483 - 80 0 0 0 0 150 150 150 100 100
//DT Black Knight Titan 
14436 - 80 0 0 0 0 250 250 250 50 300
//evil chicken
3375 - 0 0 0 200 0 300 300 300 300 300
//Delrith
879 - 20 0 0 0 0 30 30 30 30 30
//DT Delrith
14578 - 20 0 0 0 0 30 30 30 30 30
//Elvarg
742 - 121 10 10 170 0 200 215 254 201 320
//DT Elvarg
14548 - 121 10 10 170 0 200 215 254 201 320
8133 - 700 0 0 250 0 500 1000 1000 1000 500
9463 - 200 0 0 150 0 379 398 454 377 387
9465 - 200 0 0 150 0 379 398 454 377 387
9467 - 200 0 0 150 0 379 398 454 377 387
//Bonze dragon
941 - 221 15 15 224 210 274 275 294 241 330
//Iron dragon
1591 - 341 18 18 244 240 80 80 80 80 80
10776 - 341 18 18 244 240 284 295 301 261 350
10777 - 341 18 18 244 240 284 295 301 261 350
10778 - 341 18 18 244 240 284 295 301 261 350
10779 - 341 18 18 244 240 284 295 301 261 350
10780 - 341 18 18 244 240 284 295 301 261 350
10781 - 341 18 18 244 240 284 295 301 261 350
//Steel dragon
1592 - 361 20 20 264 260 95 95 95 95 95
3590 - 361 20 20 264 260 301 312 315 281 370
//Mithril dragon
1592 - 381 25 25 284 280 312 321 325 301 390
3590 - 381 25 25 284 280 312 321 325 301 390
//mith drag
5363 - 100 100 100 100 100 100 100 100 100 100
//addy dragon
29986 - 401 30 30 299 305 210 210 210 210 210
//rune dragon
29985 - 431 35 35 415 331 310 310 310 310 310
//Green dragon
941 - 121 10 10 124 0 214 215 254 201 320
4677 - 121 10 10 124 0 214 215 254 201 320
4678 - 121 10 10 124 0 214 215 254 201 320
4679 - 121 10 10 124 0 214 215 254 201 320
4680 - 121 10 10 124 0 214 215 254 201 320
10604 - 121 10 10 124 0 214 215 254 201 320
10605 - 121 10 10 124 0 214 215 254 201 320
10606 - 121 10 10 124 0 214 215 254 201 320
10607 - 121 10 10 124 0 214 215 254 201 320
10608 - 121 10 10 124 0 214 215 254 201 320
10609 - 121 10 10 124 0 214 215 254 201 320
//ice spider
64 - 50 0 0 0 0 50 50 50 0 50
//Astea Frostweb
9965 - 70 0 0 120 0 200 200 200 150 0
9966 - 70 0 0 120 0 200 200 200 150 0
9967 - 70 0 0 120 0 200 200 200 150 0
9968 - 70 0 0 120 0 200 200 200 150 0
9969 - 70 0 0 120 0 200 200 200 150 0
9970 - 70 0 0 120 0 200 200 200 150 0
9971 - 70 0 0 120 0 200 200 200 150 0
9972 - 70 0 0 120 0 200 200 200 150 0
9973 - 70 0 0 120 0 200 200 200 150 0
9974 - 70 0 0 120 0 200 200 200 150 0
9975 - 70 0 0 120 0 200 200 200 150 0
9976 - 70 0 0 120 0 200 200 200 150 0
9977 - 70 0 0 120 0 200 200 200 150 0
9978 - 70 0 0 120 0 200 200 200 150 0
9979 - 70 0 0 120 0 200 200 200 150 0
9980 - 70 0 0 120 0 200 200 200 150 0
9981 - 70 0 0 120 0 200 200 200 150 0
9982 - 70 0 0 120 0 200 200 200 150 0
9983 - 70 0 0 120 0 200 200 200 150 0
9984 - 70 0 0 120 0 200 200 200 150 0
9985 - 70 0 0 120 0 200 200 200 150 0
9986 - 70 0 0 120 0 200 200 200 150 0
9987 - 70 0 0 120 0 200 200 200 150 0
9988 - 70 0 0 120 0 200 200 200 150 0
9989 - 70 0 0 120 0 200 200 200 150 0
9990 - 70 0 0 120 0 200 200 200 150 0
9991 - 70 0 0 120 0 200 200 200 150 0
9992 - 100 0 0 150 0 250 250 250 200 0
9993 - 100 0 0 150 0 250 250 250 200 0
9994 - 100 0 0 150 0 250 250 250 200 0
9995 - 140 0 0 200 0 300 300 300 250 0
9996 - 140 0 0 200 0 300 300 300 250 0
9997 - 140 0 0 200 0 300 300 300 250 0
9998 - 140 0 0 200 0 300 300 300 250 0
9999 - 140 0 0 200 0 300 300 300 250 0
10000 - 140 0 0 200 0 300 300 300 250 0
10001 - 140 0 0 200 0 300 300 300 250 0
10002 - 160 0 0 240 0 325 325 325 275 0
10003 - 160 0 0 240 0 325 325 325 275 0
10004 - 160 0 0 240 0 325 325 325 275 0
10005 - 160 0 0 240 0 325 325 325 275 0
10006 - 160 0 0 240 0 325 325 325 275 0
10007 - 160 0 0 240 0 325 325 325 275 0
10008 - 160 0 0 240 0 325 325 325 275 0
10009 - 160 0 0 240 0 325 325 325 275 0
10010 - 180 0 0 260 0 400 400 400 350 0
10011 - 180 0 0 260 0 400 400 400 350 0
10012 - 180 0 0 260 0 400 400 400 350 0
10013 - 180 0 0 260 0 400 400 400 350 0
10014 - 180 0 0 260 0 400 400 400 350 0
10015 - 180 0 0 260 0 400 400 400 350 0
10016 - 200 0 0 300 0 500 500 500 425 0
10017 - 200 0 0 300 0 500 500 500 425 0
10018 - 200 0 0 300 0 500 500 500 425 0
10019 - 200 0 0 300 0 500 500 500 425 0
10020 - 200 0 0 300 0 500 500 500 425 0
10021 - 200 0 0 300 0 500 500 500 425 0
//Gluttonous behemoth
9948 - 70 70 70 70 70 80 100 80 100 100
9949 - 70 70 70 70 70 80 100 80 100 100
9950 - 70 70 70 70 70 80 100 80 100 100
9951 - 70 70 70 70 70 80 100 80 100 100
9952 - 70 70 70 70 70 80 100 80 100 100
9953 - 70 70 70 70 70 80 100 80 100 100
9954 - 150 150 150 150 150 150 200 150 200 200
9955 - 150 150 150 150 150 100 125 100 125 125
9956 - 200 200 200 200 200 200 250 200 250 250
9957 - 200 200 200 200 200 200 250 200 250 250
9958 - 200 200 200 200 200 200 250 200 250 250
9959 - 200 200 200 200 200 200 250 200 250 250
9960 - 200 200 200 200 200 200 250 200 250 250
9961 - 200 200 200 200 200 200 250 200 250 250
9962 - 300 300 300 300 300 300 400 300 400 400
9963 - 400 400 400 400 400 350 480 350 480 480
9964 - 500 500 500 500 500 300 300 300 300 300
//godwars zamorak
6203 - 500 0 0 0 400 500 250 400 150 600
6204 - 300 0 0 0 0 300 300 300 200 200
6206 - 100 0 0 0 300 300 300 300 200 200
6208 - 100 0 0 0 0 300 300 300 200 200
//godwars armadyl
6222 - 400 0 0 450 450 300 0 0 500 250
6223 - 100 0 0 300 0 100 300 300 200 200
6225 - 500 0 0 0 300 100 300 300 200 200
6227 - 300 0 0 0 0 100 300 300 200 200
//bandos godwars
6260 - 500 0 0 0 300 400 250 300 200 600
6261 - 100 0 0 0 100 100 300 300 200 350
6263 - 0 0 0 50 0 300 300 300 20 300
6265 - 0 0 0 0 100 300 250 300 250 350
//sara godwars
6247 - 450 0 0 450 0 500 500 250 300 600
6248 - 100 0 0 0 0 300 300 300 200 350
6250 - 0 0 0 100 0 300 300 300 20 300
6252 - 0 0 0 0 200 300 250 300 250 350
//zaros godwars
13447 - 500 300 300 300 600 700 400 1100 1100 320
13448 - 500 300 300 300 600 700 400 1100 1100 320
13449 - 500 300 300 300 600 700 400 1100 1100 320
13450 - 500 300 300 300 600 700 400 1100 1100 320
//ahrim
2025 - 0 0 0 172 0 202 184 216 172 99
//guthan
2027 - 174 0 0 0 0 358 356 340 88 375
//karil
2028 - 0 0 0 0 233 178 170 189 205 199
//torag
2029 - 184 0 0 0 0 361 359 343 88 385
//verac
2030 - 253 0 0 0 0 320 331 321 99 321
//dharok
2026 - 202 0 0 0 0 351 349 333 87 374
//ROT6
//Ahrim
30011 - 0 0 0 272 0 202 184 216 172 129
//DH
30012 - 372 0 0 0 0 351 349 333 87 374
//GUTHAN
30013 - 274 0 0 0 0 358 356 340 88 375
//KARIL
30014 - 0 0 0 0 333 228 200 229 215 209
//TORAG
30015 - 224 0 0 0 0 461 459 443 400 485
//VERAC
30016 - 313 0 0 0 0 360 361 351 88 351
//dagannoth
1338 - 68 68 68 0 0 0 0 0 0 0