//shopId money generalstore - name - item quantity item quantity etc.
1 995 true - General Store - 3188 100 1785 100 4 100 8013 2000 28963 2000 5022 2000 5020 2000 5023 2000 1931 30 1935 10 5603 10 1925 30 1923 10 1887 10 590 10 2347 10 550 10 1540 10 7509 250000 
2 995 false - Thessalia's Clothing - 1005 10 1129 10 1059 10 1061 10 1757 10 1013 10 1015 10 1011 10 1007 10 950 10 428 10 426 10 1733 10 1734 1000 
3 995 false - Rune Store - 554 10000000 555 10000000 556 10000000 557 10000000 558 10000000 559 10000000 560 10000000 561 10000000 562 10000000 563 10000000 9075 10000000 564 10000000 565 10000000 566 10000000 21773 10000000 29228 10000000 29229 10000000 29230 10000000 29231 10000000 29232 10000000 29233 10000000 29234 10000000 29235 10000000 29236 10000000 29237 10000000 29100 10000000 
4 995 false - Weaponary - 6746 10 1279 100 1293 100 1309 100 1323 100 1281 100 1295 100 1311 100 1325 100 1283 100 1297 100 1313 100 1327 100 1285 100 1315 100 1329 100 1287 100 1301 100 1317 100 1331 100 1289 100 1303 100 1319 100 1333 100 1215 250 1305 250 7158 250 4587 250 5698 250 3204 250 6746 250 4214 250 
5 995 false - Range Shop - 4212 100 882 1000 884 1000 886 10000 888 10000 890 10000 892 10000 11212 10000 9141 10000 9142 10000 9143 10000 9144 10000 9242 10000 9243 10000 9244 10000 863 1000 865 1000 866 1000 867 1000 868 1000 
6 995 true - General Skilling - 1265 100 1267 100 1269 100 1273 100 1271 100 1275 100 1351 100 1349 100 1353 100 1361 100 1355 100 1357 100 1359 100 2347 100 1755 100 590 100 946 100 954 100 1733 5000 1734 5000 952 100 532 10000 1511 10000 1778 10000 2349 3000 11259 100 11261 500 
7 995 false - Armoury - 1153 100 1115 100 1067 100 1191 100 1157 100 1119 100 1069 100 1193 100 1165 100 1125 100 1077 100 1195 100 1159 100 1121 100 1071 100 1197 100 1161 100 1123 100 1073 100 1199 100 1163 100 1127 100 1079 100 1201 100 1149 250 3140 250 4087 250 11732 250 1187 250 4225 250 
8 995 false - Potions & Flasks - 230 5000 228 5000 122 5000 134 5000 116 5000 3043 5000 170 5000 140 500 2455 5000 176 5000 3011 5000 3027 500 
9 995 true - Miscellaneous - 3842 500 3844 500 3840 500 1712 500 1725 500 1727 500 1729 500 1731 500 2550 250 2570 250 374 1500 1540 100 8007 250 8008 250 8009 250 8010 250 8011 250 3105 100 4131 150 10828 250 3751 250 3753 250 3749 250 3755 250 10498 250 10499 250 7459 250 7460 250 7461 250 7509 250000 
10 995 false - Construction - 2347 2000 8794 2000 961 2000 8779 2000 8781 2000 8783 2000 4819 2000 4820 2000 1539 2000 4821 2000 4822 2000 4823 2000 4824 2000 8784 2000 8786 2000 3420 2000 8791 2000 435 2000 
11 995 false - Achievement Capes - 9749 100 9748 100 9752 100 9751 100 9755 100 9754 100 9758 100 9757 100 9761 100 9760 100 9764 100 9763 100 9770 100 9769 100 12171 100 12170 100 9767 100 9766 100 9773 100 9772 100 9776 100 9775 100 9779 100 9778 100 9782 100 9781 100 9785 100 9784 100 9788 100 9787 100 
12 995 false - Achievement Capes - 9794 100 9793 100 9797 100 9796 100 9800 100 9799 100 9803 100 9802 100 9806 100 9805 100 9809 100 9808 100 9791 100 9790 100 9812 100 9811 100 9950 100 9949 100 18510 100 18509 100 9813 100 9814 100 
13 995 false - Fishing Supplies - 307 100 303 100 305 100 309 100 311 100 301 100 313 10000 314 100000 15263 100000 
14 995 false - Herblore Supplies - 228 100000 227 100000 199 2000 201 2000 221 2000 223 2000 225 2000 4255 2000 9594 2000 6693 2000 3138 2000 241 2000 12539 2000 5972 2000 231 2000 235 2000 239 2000 245 2000 2970 2000 6049 2000 
15 995 false - Crafting Supplies - 1733 10000 1734 10000 1755 1000 1626 10000 1628 10000 1624 10000 1622 10000 1620 10000 1618 10000 1759 1000 2357 10 
16 995 false - Summoning Shop - 15262 10000 12155 10000 12183 50000 2859 1000 2138 1000 6291 1000 3363 1000 2134 1000 6032 1000 9976 1000 3325 1000 12156 1000 6010 1000 12134 1000 249 1000 6319 1000 12111 1000 12113 1000 12115 1000 12117 1000 12119 1000 12121 1000 3138 1000 1635 1000 2132 1000 9978 1000 1444 1000 7939 1000 
17 995 false - Summoning Scrolls - 12422 5000 12423 5000 12424 5000 12425 5000 12426 5000 12427 5000 12428 5000 12429 5000 12430 5000 12431 5000 12433 5000 12434 5000 12435 5000 12436 5000 12437 5000 12438 5000 12439 5000 12440 5000 12441 5000 12442 5000 12443 5000 12444 5000 12445 5000 12446 5000 12447 5000 12448 5000 12449 5000 12450 5000 12824 5000 12825 5000 
18 995 false - Cloth shop - 6188 10 6184 10 6185 10 6186 10 6187 10 4298 10 4300 10 4302 10 4304 10 4306 10 4308 10 4310 10 1013 10 
19 995 false - Range Armour Store - 10499 500 1099 1000 1065 1000 1135 1000 2493 1000 2487 1000 2499 1000 2495 1000 2489 1000 2501 1000 2497 1000 2491 1000 2503 1000 6328 100 841 100 839 100 861 100 859 100 9185 100 15241 100 15243 500 
20 995 false - Supply Store - 544 200 542 200 1035 200 1033 200 7534 200 6109 200 6111 200 6107 200 6108 200 6110 200 6106 200 1725 200 1731 200 5574 200 5575 200 5576 200 656 200 658 200 660 200 662 200 664 200 579 200 1017 200 2920 200 3840 200 3842 200 3844 200 1052 200 1837 200 775 200 
21 995 false - Summoning Store - 6979 1000 1783 1000 3095 1000 590 1000 1937 1000 311 1000 10099 1000 10103 1000 10095 1000 6667 1000 9736 1000 12161 1000 6287 1000 8431 1000 2150 1000 1963 1000 1933 1000 10117 1000 12168 1000 5933 1000 1438 1000 1440 1000 1442 1000 571 1000 6155 1000 10149 1000 237 1000 1115 1000 10818 1000 1119 1000 
22 995 false - Farming Store - 5355 1000 5340 10 5343 10 952 10 5341 10 5291 2000 5292 2000 5293 2000 5295 2000 5297 2000 5318 2000 5319 2000 5320 2000 
23 995 false - RuneCrafting Store - 7936 100000 7937 100000 1436 100000 1437 10000000 
24 995 false - Custom Store - 10400 1 10402 1 10404 1 10406 1 10408 1 10410 1 10412 1 10414 1 10416 1 10418 1 10420 1 10422 1 10424 1 10426 1 10428 1 10430 1 10432 1 10434 1 10436 1 10438 1 2460 1 2462 1 2464 1 2466 1 2468 1 2470 1 2472 1 2474 1 2476 1 4086 1 
25 995 false - Random Store - 3749 100 3751 100 3753 100 3755 100 10828 100 2550 100 2552 100 2568 100 2570 100 7456 100 7457 100 7458 100 7459 100 7460 100 7461 100 4119 100 4121 100 4123 100 4125 100 4127 100 4129 100 4131 100 4153 100 
26 995 false - Elemental Workshop - 2890 10 9729 10 18699 10 20448 10 20458 10 9731 10 9733 10 18697 10 20450 10 20460 10 18691 10 18693 10 18695 10 20452 10 20462 10 20436 10 20440 10 20444 10 20454 10 20464 10 20438 10 20442 10 20446 10 20456 10 20466 10 
27 995 false - Hunter Store - 10006 1000 10008 1000 10065 10 10067 10 10053 10 10055 10 10057 10 10059 10 10061 10 10063 10 10041 10 10043 10 10045 10 10047 10 10049 10 10051 10 10035 10 10037 10 10039 10 20044 10 20045 10 20046 10 
28 995 false - Donator store - 29923 100000 23255 1000 23279 1000 23291 1000 23303 1000 23315 1000 23363 1000 23387 1000 23423 1000 23483 1000 23525 1000 23567 1000 23610 1000 7509 250000 21773 10000 15309 1000 15313 1000 15317 1000 15321 1000 15325 1000 10476 1000 15332 1000 
30 995 false - Master Capes - 29997 100 29996 100 29995 100 29994 100 29993 100 29992 100 29991 100 29990 100 29989 100 29988 100 29987 100 29986 100 29985 100 29984 100 29983 100 29982 100 29981 100 29980 100 29979 100 29978 100 29977 100 29976 100 29975 100 29974 100 19709 100 
31 -1 false - loyalty point store - 20958 100 20962 100 22270 100 20967 100 22272 100 22280 100 22282 100 22284 100 22286 100 20966 100 22274 100 20965 100 22276 100 22288 100 22290 100 22292 100 22294 100 22300 100 22296 100 22298 100 22302 100 22897 100 23864 100 23866 100 
32 995 false - Pure Store - 6106 100 6107 100 6108 100 6109 100 6110 100 6111 100 1129 100 7003 100 542 100 544 100 2984 100 2985 100 2986 100 2987 100 2988 100 2989 100 2990 100 2991 100 2992 100 2993 100 2994 100 2995 100 
33 -1 false - loyalty point store 2 - 23848 100 23850 100 23880 100 23882 100 23884 100 23886 100 23888 100 23890 100 23892 100 23894 100 23896 100 23898 100 29284 100 29283 100 29282 100 
34 -1 false - Donator loyalty point store - 23852 100 23854 100 23876 100 23874 100 
90 995 false - Staff Store - 20428 1000 20084 1000 22959 1000 22958 1000 22960 2000 22961 2000 22962 2000 
93 -1 false - PvP Point Store - 13884 100 13890 100 13896 100 13902 100 13887 100 13893 100 13899 100 13905 100 13870 100 13873 100 13876 100 13879 100 13858 100 13861 100 13864 100 13867 100 7462 100 20072 100 8850 100 10551 100 10548 100 29881 100 19785 100 19786 100 14484 100 11694 100 6570 100 29854 100 15486 100 11235 100 29869 100 21787 100 21793 100 21790 100 
94 -1 false - Calamity Rewards Store - 29774 10 29773 10 29772 10 29771 10 29762 10 29761 20 29759 10 29758 10 29749 10 29750 10 29751 10 29752 10 29753 10 29754 10 29755 10 29756 10 29757 10 
95 4067 false - Castle Wars Reward Shop - 18747 10 4041 10 4042 10 4068 10 4069 10 4070 10 4071 10 4072 10 4503 10 4504 10 4505 10 4506 10 4507 10 4508 10 4509 10 4510 10 4511 10 4512 10 18705 10 18706 10 18707 10 18708 10 18709 10 
96 995 false - Prestige Shop 1 - 6739 1 15259 1 20787 1 20788 1 20789 1 20790 1 20791 1 20792 1 10933 1 10939 1 10940 1 10941 1 14936 1 14938 1 13672 1 13673 1 13674 1 13675 1 
97 995 false - Prestige Shop 3 - 6739 1 15259 1 20787 1 20788 1 20789 1 20790 1 20791 1 20792 1 10933 1 10939 1 10940 1 10941 1 14936 1 14938 1 13672 1 13673 1 13674 1 13675 1 21480 1 21481 1 21482 1 21483 1 13615 1 13614 1 13617 1 13618 1 
98 995 false - Prestige Shop 5 - 6739 1 15259 1 20787 1 20788 1 20789 1 20790 1 20791 1 20792 1 10933 1 10939 1 10940 1 10941 1 14936 1 14938 1 13672 1 13673 1 13674 1 13675 1 21480 1 21481 1 21482 1 21483 1 13615 1 13614 1 13617 1 13618 1 24427 1 24428 1 24429 1 24430 1 
99 995 false - Prestige Shop 7 - 6739 1 15259 1 20787 1 20788 1 20789 1 20790 1 20791 1 20792 1 10933 1 10939 1 10940 1 10941 1 14936 1 14938 1 13672 1 13673 1 13674 1 13675 1 21480 1 21481 1 21482 1 21483 1 13615 1 13614 1 13617 1 13618 1 24427 1 24428 1 24429 1 24430 1 21446 1 21447 1 21448 1 21449 1 21450 1 
100 995 false - Prestige Shop 9 - 10887 1 6739 1 15259 1 20787 1 20788 1 20789 1 20790 1 20791 1 20792 1 10933 1 10939 1 10940 1 10941 1 14936 1 14938 1 13672 1 13673 1 13674 1 13675 1 21480 1 21481 1 21482 1 21483 1 13615 1 13614 1 13617 1 13618 1 24427 1 24428 1 24429 1 24430 1 21446 1 21447 1 21448 1 21449 1 21450 1 
101 995 false - Prestige Shop 10 - 29770 1 29766 1 10887 1 6739 1 15259 1 20787 1 20788 1 20789 1 20790 1 20791 1 20792 1 10933 1 10939 1 10940 1 10941 1 14936 1 14938 1 13672 1 13673 1 13674 1 13675 1 13615 1 13614 1 13617 1 13618 1 24427 1 24428 1 24429 1 24430 1 
102 995 false - Ironman Store - 1265 10 1351 10 946 10 590 10 2347 10 954 10 1755 10 1733 10 1734 10000 5341 10 952 10 5343 10 5340 100 5355 1000 1785 10 233 10 11259 100 11261 500 303 10 305 10 301 10 311 10 307 10 309 10 313 100000 314 100000 15263 100000 
103 -1 false - Skilling Point Store - 6694 1000 14808 100 775 100 13661 100 5316 100 5314 100 5304 100 20786 100 23779 100 10034 100 2677 100 29352 100 222 1000 238 1000 23328 1000 226 1000 6739 100 29435 100 
105 -1 false - PvP Point Store 2 - 29869 100 21787 100 21793 100 21790 100 15018 100 15019 100 15220 100 19784 100 19669 100 13740 100 13738 100 13742 100 11724 100 11726 100 11718 100 11720 100 11722 100 
106 -1 false - Heist Reward Shop - 10506 10 24801 10 24802 10 24803 10 24804 10 24805 10 24549 10 24154 10 
107 -1 false - Dungeoneering Store - 28937 10 18349 10 18351 10 18355 10 18357 10 18353 10 18335 10 19669 10 18363 10 18359 10 18361 10 18347 10 18337 10 19894 10 29903 10 29793 10 19675 10 18346 10 29286 10 18340 10 18339 10 29543 10 29915 10 29055 10 
108 -1 false - Vote Point Store - 29654 100 29532 100 24437 100 29544 100 6199 100 25202 100 23671 100 29770 100 23673 100 15464 100 15459 100 15454 100 15449 100 23715 100 1053 100 1055 100 1057 100 29361 100 3114 100 29347 100 29345 100 29220 100 29343 100 29007 100 29006 100 18744 100 18745 100 18746 100 
109 -1 false - Player Wars Store - 29504 10 29503 10 29501 10 29500 10 29499 10 29498 10 29497 10 29496 10 29495 10 29494 10 29493 10 29492 10 29491 10 29490 10 29489 10 29488 10 29487 10 29486 10 29485 10 29484 10 29483 10 29482 10 
110 -1 false - Harmony Point Store - 29354 100000 29439 100000 9472 1 18015 10 15126 10 19670 10 15017 10 18747 10 19335 10 19712 10 8839 10 8840 10 8842 10 11663 10 11664 10 11665 10 7462 10 10551 10 10548 10 29398 10 29395 10 29392 10 29389 10 6914 10 6889 10 29965 10 
115 -1 false - Daily Challenge Store - 28933 100 28932 100 2717 100 25309 100 25307 100 25305 100 25303 100 25301 100 25299 100 
116 995 false - Ironman Store 2 - 1437 1000 7937 100 29235 100000 29236 100000 29234 100000 29237 100000 29233 100000 29230 100000 29229 100000 5022 100000 3188 100 1784 100000 1782 100000 228 100000 222 100000 882 1000 6746 1000 7509 10 3842 100 3844 100 3840 100 1725 100 1727 100 1729 100 1540 100 1595 100 1592 100 4 100 
117 -1 false - Slayer Point Store - 4155 10 2572 10 2412 10 2413 10 2414 10 29425 10 29728 10 13263 10 15490 10 15488 10 29424 10 29698 10 29699 10 29700 10 29701 10 29702 10 29697 10 1720 10 2890 10 
119 29370 false - Member Token Store - 29662 10000 29805 10000 29339 100 29383 100 29373 100 29372 100 29911 100 29910 100 29882 100 20054 100 29925 100 29788 100 29717 100 29732 100 29371 100 29851 100 20498 100 20499 100 20500 100 20501 100 29922 100 
120 5022 false - Expensive Store - 29298 100000 29329 1 29481 10 
121 995 false - Sponsor Store - 12141 100000 23531 100000 29514 10000 
122 29319 false - Scary Store - 29318 100 1419 100 9920 100 1959 100 22327 100 22324 100 22328 100 11789 100 15352 100 
123 29256 false - Runecoin Store - 29677 100000 28942 10 29168 10 28959 10 29253 10 29249 10 29248 10 29247 10 16381 10 16315 10 29254 10 29223 10 29111 10 29112 10 29246 10 29245 10 29244 10 29243 10 29242 10 29241 10 29240 10 29239 10 29238 10 29207 10 29197 10 29329 10 29481 10 29114 10 29116 10 
124 995 false - Magic Equipment Store - 1381 100 1383 100 1385 100 1387 100 4675 100 4089 100 4091 100 4093 100 4095 100 4097 100 2415 100 2416 100 2417 100 6920 100 
125 29226 false - Event Tokens Store - 962 1 19308 10 19311 10 19314 10 19317 10 19320 10 732 10 8871 10 2678 10 7053 10 24474 10 3057 10 3058 10 3059 10 3060 10 3061 10 
126 29209 false - Bounty Hunter Store - 29210 1000 
127 -1 false - Slayer Survival Rewards Shop - 29367 10 
128 995 false - Sawmill Shop - 8794 1000 4819 100000 4820 100000 1539 100000 8790 100000 
129 995 false - Black Market - 29089 100000 29077 100000 29069 100000 29067 100000 
130 -1 false - Trivia Point Store - 23713 100 29225 100 29059 100 29058 100 29057 100 29879 100 15353 100 
131 995 true - I Buy Everything - 5022 1000 
132 29370 false - Prestige Donator Token Store - 29001 1000 
133 29256 false - Prestige Runecoin Store - 28983 100 28984 100 28982 100 
134 -1 false - Achievement Diary Store - 7409 100 28910 100 28918 100 28917 100 28916 100 28915 100 28913 100 28912 100 28909 100 
135 2996 false - Agility Ticket Store - 14936 100 14938 100 23758 100 10176 10000 
